DMSP 5D-3 F16 (USA 172) 
1 28054U 03048A   25255.59536593  .00000059  00000+0  54841-4 0  9997
2 28054  99.0128 272.2870 0006678 205.3087 262.4864 14.14375629130244
METEOSAT-9 (MSG-2)      
1 28912U 05049B   25255.59611230  .00000119  00000+0  00000+0 0  9995
2 28912   8.7246  56.8179 0001729 196.1967 359.1421  1.00272917  4227
DMSP 5D-3 F17 (USA 191) 
1 29522U 06050A   25255.54636630  .00000112  00000+0  80400-4 0  9992
2 29522  98.7419 262.8124 0011037 125.0786 235.1424 14.14859724973157
FENGYUN 3A              
1 32958U 08026A   25255.54524415  .00000076  00000+0  56730-4 0  9999
2 32958  98.6532 197.0695 0008134 201.3691 158.7146 14.19470698896012
GOES 14                 
1 35491U 09033A   25255.56560551 -.00000073  00000+0  00000+0 0  9998
2 35491   0.9572  86.6464 0003800 105.4739 255.0099  1.00269291  3802
DMSP 5D-3 F18 (USA 210) 
1 35951U 09057A   25255.56238144  .00000226  00000+0  14071-3 0  9991
2 35951  98.8700 232.4734 0010514 326.0789  33.9711 14.14692713820336
EWS-G2 (GOES 15)        
1 36411U 10008A   25255.52790535  .00000032  00000+0  00000+0 0  9992
2 36411   0.5699  85.4042 0005067 135.4533  22.3393  1.00270275 56851
COMS 1                  
1 36744U 10032A   25254.80417775 -.00000348  00000+0  00000+0 0  9991
2 36744   4.1086  78.9211 0000988 116.4777 213.3210  1.00272025 48295
FENGYUN 3B              
1 37214U 10059A   25255.60189863  .00000053  00000+0  51344-4 0  9990
2 37214  99.0058 294.8690 0021132 252.3350 259.4322 14.14753254768179
SUOMI NPP               
1 37849U 11061A   25255.55560270  .00000073  00000+0  55485-4 0  9999
2 37849  98.7614 193.7886 0002350  64.9786 295.1634 14.19515756719056
METEOSAT-10 (MSG-3)     
1 38552U 12035B   25255.58718560 -.00000011  00000+0  00000+0 0  9994
2 38552   4.0090  61.9069 0000364 182.5897 318.8494  1.00273390 48073
METOP-B                 
1 38771U 12049A   25255.56396014  .00000007  00000+0  22691-4 0  9995
2 38771  98.6202 307.0913 0002343  74.1992 285.9444 14.21459316673820
INSAT-3D                
1 39216U 13038B   25255.56136466 -.00000345  00000+0  00000+0 0  9993
2 39216   1.2030  86.2192 0002129 130.5804 106.6699  1.00272700 44297
FENGYUN 3C              
1 39260U 13052A   25255.64125580  .00000067  00000+0  54862-4 0  9992
2 39260  98.4641 237.8139 0015874 101.3615 258.9344 14.15652437619299
METEOR-M 2              
1 40069U 14037A   25255.58658549  .00000090  00000+0  60364-4 0  9994
2 40069  98.4777 236.7128 0006784 117.3359 242.8510 14.21330757579888
HIMAWARI-8              
1 40267U 14060A   25255.54367874 -.00000281  00000+0  00000+0 0  9993
2 40267   0.0194 200.7552 0000832 339.1689 148.2658  1.00270877 39961
FENGYUN 2G              
1 40367U 14090A   25255.66754985 -.00000307  00000+0  00000+0 0  9992
2 40367   4.9324  76.1831 0003551 176.4588  78.9020  1.00280344 39216
METEOSAT-11 (MSG-4)     
1 40732U 15034A   25255.40461381  .00000056  00000+0  00000+0 0  9994
2 40732   2.5024  72.2346 0000496 117.1244 317.1685  1.00272461  4439
ELEKTRO-L 2             
1 41105U 15074A   25255.22741388 -.00000121  00000+0  00000+0 0  9995
2 41105   5.9887  73.9378 0002566 169.8489 175.0912  1.00270831 35714
INSAT-3DR               
1 41752U 16054A   25255.39141802 -.00000082  00000+0  00000+0 0  9991
2 41752   0.0419  95.2399 0012291 167.9249 303.3945  1.00270681 33036
HIMAWARI-9              
1 41836U 16064A   25255.18685372 -.00000280  00000+0  00000+0 0  9997
2 41836   0.0153 221.3161 0001499 357.7613 340.3805  1.00268066 32427
GOES 16                 
1 41866U 16071A   25255.56638551 -.00000097  00000+0  00000+0 0  9993
2 41866   0.1048  87.5918 0002474 127.1309 236.3343  1.00271746 32319
FENGYUN 4A              
1 41882U 16077A   25255.32612764 -.00000362  00000+0  00000+0 0  9994
2 41882   1.6105  83.2491 0006955 161.2070 348.2376  1.00268574 32143
CYGFM05                 
1 41884U 16078A   25255.45230117  .00011032  00000+0  24302-3 0  9999
2 41884  34.9603 281.3191 0007827  51.7006 308.4418 15.43066815485633
CYGFM04                 
1 41885U 16078B   25255.41786777  .00012657  00000+0  25890-3 0  9991
2 41885  34.9350 258.5909 0006820  82.6065 277.5430 15.45228342485789
CYGFM02                 
1 41886U 16078C   25255.43315312  .00014786  00000+0  29235-3 0  9999
2 41886  34.9440 258.0051 0008219  75.3979 284.7653 15.46184111485907
CYGFM01                 
1 41887U 16078D   25255.47876781  .00012917  00000+0  28010-3 0  9990
2 41887  34.9434 284.1405 0007388  39.1518 320.9735 15.43510659485571
CYGFM08                 
1 41888U 16078E   25255.46915080  .00013591  00000+0  28436-3 0  9997
2 41888  34.9463 268.1405 0008982  67.1057 293.0611 15.44541871485794
CYGFM07                 
1 41890U 16078G   25255.44086379  .00014800  00000+0  30298-3 0  9991
2 41890  34.9479 257.8109 0007217  89.1162 271.0386 15.45180174485804
CYGFM03                 
1 41891U 16078H   25255.39723529  .00012500  00000+0  25866-3 0  9991
2 41891  34.9431 259.9144 0006112  71.0133 289.1249 15.44899511485771
FENGYUN 3D              
1 43010U 17072A   25255.60939108  .00000055  00000+0  47868-4 0  9996
2 43010  98.9723 220.6236 0002445 105.9035 254.2410 14.19641211405600
NOAA 20 (JPSS-1)        
1 43013U 17073A   25255.57088605  .00000068  00000+0  53066-4 0  9994
2 43013  98.7443 192.9347 0001647  50.3735 309.7587 14.19559455405088
GOES 17                 
1 43226U 18022A   25255.56933219 -.00000189  00000+0  00000+0 0  9994
2 43226   0.2182  93.0610 0002589 148.4847 225.7395  1.00271423 27643
FENGYUN 2H              
1 43491U 18050A   25255.65308803 -.00000134  00000+0  00000+0 0  9994
2 43491   2.3110  82.3724 0002956 134.7032  89.1919  1.00269151 26659
METOP-C                 
1 43689U 18087A   25255.59856503  .00000077  00000+0  55153-4 0  9990
2 43689  98.7068 314.6975 0000537 171.8830 188.2356 14.21490797355390
GEO-KOMPSAT-2A          
1 43823U 18100A   25255.55947328 -.00000350  00000+0  00000+0 0  9999
2 43823   0.0432 356.3763 0001750 128.7714 196.3178  1.00273854 24840
METEOR-M2 2             
1 44387U 19038A   25255.62088612  .00000087  00000+0  57530-4 0  9997
2 44387  98.8846 234.2815 0002358  91.9925 268.1523 14.24234557321784
ARKTIKA-M 1             
1 47719U 21016A   25246.38975133 -.00000134  00000+0  00000+0 0  9993
2 47719  63.1607  97.4931 7149598 268.8202  16.1856  2.00602919 33032
FENGYUN 3E              
1 49008U 21062A   25255.62889405 -.00000011  00000+0  15330-4 0  9991
2 49008  98.7467 257.2192 0002144 135.7725 224.3623 14.19861489217196
GOES 18                 
1 51850U 22021A   25255.55997214  .00000090  00000+0  00000+0 0  9994
2 51850   0.0308  53.8474 0000927 198.9602 163.5991  1.00271563  3806
NOAA 21 (JPSS-2)        
1 54234U 22150A   25255.53644038  .00000045  00000+0  42112-4 0  9992
2 54234  98.7306 193.0499 0000473 254.5712 105.5412 14.19558201147150
METEOSAT-12 (MTG-I1)    
1 54743U 22170C   25255.58701227 -.00000013  00000+0  00000+0 0  9999
2 54743   0.6955  32.4583 0001634 132.0515  38.3207  1.00274027 10193
TIANMU-1 03             
1 55973U 23039A   25255.60357566  .00010440  00000+0  28781-3 0  9990
2 55973  97.5099  55.9836 0004017  34.4106 325.7397 15.37304522138040
TIANMU-1 04             
1 55974U 23039B   25255.60078271  .00010708  00000+0  29257-3 0  9990
2 55974  97.5029  55.2151 0004690  27.8885 332.2610 15.37572930138045
TIANMU-1 05             
1 55975U 23039C   25255.64013156  .00010207  00000+0  28169-3 0  9991
2 55975  97.5075  55.7376 0004119  54.2466 305.9161 15.37275767138031
TIANMU-1 06             
1 55976U 23039D   25255.60663580  .00010482  00000+0  28580-3 0  9992
2 55976  97.5088  56.0973 0004417  48.4039 311.7583 15.37645459138048
METEOR-M2 3             
1 57166U 23091A   25255.62979719 -.00000011  00000+0  14094-4 0  9993
2 57166  98.6522 310.6898 0002879 251.2677 108.8189 14.24009986115016
TIANMU-1 07             
1 57399U 23101A   25255.58119958  .00004826  00000+0  18924-3 0  9991
2 57399  97.3018 307.4870 0005309  57.7878 302.3875 15.26210884119243
TIANMU-1 08             
1 57400U 23101B   25255.61303825  .00004931  00000+0  19322-3 0  9996
2 57400  97.3006 307.3314 0007308  56.4138 303.7797 15.26207899119241
TIANMU-1 09             
1 57401U 23101C   25255.59971939  .00005020  00000+0  19689-3 0  9997
2 57401  97.2964 306.8842 0006540  57.2724 302.9145 15.26176992119248
TIANMU-1 10             
1 57402U 23101D   25255.63329575  .00005156  00000+0  20212-3 0  9990
2 57402  97.3044 307.6710 0008357  54.6306 305.5712 15.26163558119240
FENGYUN 3F              
1 57490U 23111A   25255.61624565  .00000028  00000+0  33994-4 0  9998
2 57490  98.7196 325.3307 0001312 112.9154 247.2161 14.19858798109474
ARKTIKA-M 2             
1 58584U 23198A   25245.63669142  .00000141  00000+0  00000+0 0  9992
2 58584  63.2042 185.8992 6865009 268.5190  18.6674  2.00594607 12554
TIANMU-1 11             
1 58645U 23205A   25255.60084659  .00004338  00000+0  18712-3 0  9996
2 58645  97.3700 276.8724 0007699 260.7721  99.2645 15.23040202 95219
TIANMU-1 12             
1 58646U 23205B   25255.62124133  .00004331  00000+0  18763-3 0  9990
2 58646  97.3688 276.7283 0006120 239.0326 121.0309 15.22905100 95208
TIANMU-1 13             
1 58647U 23205C   25255.58945856  .00004238  00000+0  18363-3 0  9991
2 58647  97.3716 276.8630 0006906 216.0275 144.0497 15.22904790 95193
TIANMU-1 14             
1 58648U 23205D   25255.63783586  .00004051  00000+0  17566-3 0  9995
2 58648  97.3647 276.3439 0007601 222.1302 137.9351 15.22898364 95202
TIANMU-1 19             
1 58660U 23208A   25255.63686024  .00006427  00000+0  25679-3 0  9994
2 58660  97.4335   7.0564 0005101 206.8541 153.2434 15.25465557 94924
TIANMU-1 20             
1 58661U 23208B   25255.62918793  .00006323  00000+0  24367-3 0  9993
2 58661  97.4273   7.4071 0007251 221.4790 138.5899 15.26665322 94980
TIANMU-1 21             
1 58662U 23208C   25255.56970468  .00007570  00000+0  27304-3 0  9993
2 58662  97.4320   8.8776 0006919 217.5332 142.5425 15.28791742 95056
TIANMU-1 22             
1 58663U 23208D   25255.62656980  .00005867  00000+0  23535-3 0  9990
2 58663  97.4332   7.1359 0003219 230.0161 130.0795 15.25372794 94936
TIANMU-1 15             
1 58700U 24004A   25255.63990574  .00004933  00000+0  21319-3 0  9999
2 58700  97.4681  77.5266 0005334 246.2301 113.8376 15.22934161 93479
TIANMU-1 16             
1 58701U 24004B   25255.62184905  .00004596  00000+0  19857-3 0  9991
2 58701  97.4617  76.9793 0005622 252.9902 107.0718 15.22977865 93471
TIANMU-1 17             
1 58702U 24004C   25255.60163733  .00004748  00000+0  20548-3 0  9994
2 58702  97.4653  77.3385 0004520 241.5639 118.5142 15.22908915 93468
TIANMU-1 18             
1 58703U 24004D   25255.65277576  .00004844  00000+0  20891-3 0  9999
2 58703  97.4671  77.5584 0004214 237.6803 122.4026 15.23016524 93474
INSAT-3DS               
1 58990U 24033A   25255.60080748 -.00000162  00000+0  00000+0 0  9993
2 58990   0.0436 275.0804 0001449 274.2177 100.9262  1.00271839 44289
METEOR-M2 4             
1 59051U 24039A   25255.60972447  .00000018  00000+0  27474-4 0  9992
2 59051  98.6593 214.0221 0005909 251.5342 108.5194 14.22379682 79805
GOES 19                 
1 60133U 24119A   25255.57219220 -.00000254  00000+0  00000+0 0  9997
2 60133   0.0405 352.9278 0000859 266.3378 223.3558  1.00270742  4181
